GeneID	GeneName	GCContent	Length	AA	AC	AG	AT	CA	CC	CG	CT	GA	GC	GG	GT	TA	TC	TG	TT
uc007aev.1	AK149000	39.7430217102	2257	0.0864361702128	0.0465425531915	0.0687056737589	0.0695921985816	0.0709219858156	0.0452127659574	0.00398936170213	0.0753546099291	0.0496453900709	0.0447695035461	0.0376773049645	0.0700354609929	0.0642730496454	0.0589539007092	0.0917553191489	0.116134751773
uc011whv.1	AB338584	50.0	26	0.04	0.04	0.12	0.08	0.08	0.08	0.04	0.04	0.08	0.08	0.04	0.08	0.08	0.04	0.08	0
uc007age.1	AK043789	49.9603489294	1261	0.0650793650794	0.0547619047619	0.065873015873	0.0579365079365	0.0666666666667	0.0634920634921	0.0365079365079	0.0769841269841	0.0706349206349	0.0626984126984	0.0730158730159	0.05	0.0404761904762	0.0626984126984	0.0809523809524	0.0722222222222
uc011wia.1	AB338586	50.0	26	0.08	0.04	0.08	0.08	0.08	0.08	0.04	0.04	0.12	0.08	0.04	0.04	0	0.04	0.12	0.04
uc007agt.1	AK006607	52.8159645233	2255	0.0621118012422	0.0563442768412	0.0732031943212	0.0425909494232	0.0709849157054	0.0887311446318	0.0434782608696	0.083850931677	0.0687666370896	0.064330079858	0.0629991126886	0.044809228039	0.0323868677906	0.078083407276	0.0612244897959	0.0661047027507
uc007ahm.1	AK076931	49.4974874372	398	0.080604534005	0.0680100755668	0.0755667506297	0.0478589420655	0.0755667506297	0.0503778337531	0.0151133501259	0.080604534005	0.080604534005	0.0503778337531	0.0730478589421	0.0680100755668	0.0352644836272	0.0554156171285	0.105793450882	0.0377833753149
uc007ais.1	AK171953	41.6786847419	3467	0.0597230236584	0.0473167916907	0.063473744951	0.0623196768609	0.0591459896134	0.0510675129833	0.00807847663012	0.0914598961339	0.0507789959608	0.0412579342181	0.0484708597807	0.066358915176	0.0631852279284	0.0703981534911	0.0865551067513	0.130409694172
uc007ajb.1	AK080352	42.4846625767	652	0.0890937019969	0.0675883256528	0.0691244239631	0.0537634408602	0.0660522273425	0.0568356374808	0.0138248847926	0.0906298003072	0.0675883256528	0.0445468509985	0.0307219662058	0.0552995391705	0.0552995391705	0.0583717357911	0.0844854070661	0.0967741935484
uc007ajd.1	AK195788	53.3101045296	287	0.0734265734266	0.0769230769231	0.0699300699301	0.0594405594406	0.104895104895	0.125874125874	0.0104895104895	0.0804195804196	0.0594405594406	0.0524475524476	0.0804195804196	0.020979020979	0.041958041958	0.0629370629371	0.0524475524476	0.027972027972
uc007ajk.1	AK015384	48.4815618221	1844	0.0797612588171	0.0423223005969	0.0927835051546	0.0482908301682	0.0634834508953	0.0618556701031	0.0298426478568	0.0792186652198	0.0835594139989	0.0656538252849	0.0531741725448	0.0482908301682	0.0363537710255	0.0645686380901	0.0748779164406	0.0759631036354
uc007akd.1	AK135932	41.6253716551	1009	0.117063492063	0.0605158730159	0.0744047619048	0.0684523809524	0.0724206349206	0.0654761904762	0.00992063492063	0.0704365079365	0.0823412698413	0.0396825396825	0.0396825396825	0.0357142857143	0.0486111111111	0.0535714285714	0.0724206349206	0.0892857142857
uc007akf.1	AK038933	44.2137809187	2264	0.0866106937693	0.0437472381794	0.0795404330535	0.0676093680954	0.0676093680954	0.0517012814848	0.0110472823685	0.080424215643	0.0684931506849	0.0561201944322	0.0539107379585	0.0525850640742	0.0547945205479	0.0596553247901	0.0861688024746	0.0799823243482
uc007alb.1	AK205147	47.8378378378	370	0.0975609756098	0.0650406504065	0.0731707317073	0.0487804878049	0.10027100271	0.0813008130081	0.00542005420054	0.0894308943089	0.0406504065041	0.0569105691057	0.0569105691057	0.0487804878049	0.0460704607046	0.0731707317073	0.0677506775068	0.0487804878049
uc007alh.1	AK138554	46.7741935484	372	0.0835579514825	0.0458221024259	0.0754716981132	0.0646900269542	0.0808625336927	0.0566037735849	0.0242587601078	0.0512129380054	0.078167115903	0.0431266846361	0.0646900269542	0.0700808625337	0.0242587601078	0.0673854447439	0.0916442048518	0.078167115903
uc007amc.1	AK090150	46.6491458607	1522	0.0749506903353	0.0506245890861	0.0769230769231	0.0525969756739	0.0696909927679	0.0644312952005	0.0151216305062	0.0821827744905	0.0631163708087	0.0499671268902	0.0624589086128	0.0591715976331	0.0473372781065	0.0664036817883	0.0802103879027	0.0848126232742
uc011wit.1	AB349959	50.0	28	0.0740740740741	0	0.148148148148	0.111111111111	0.111111111111	0.037037037037	0	0	0.0740740740741	0.111111111111	0.111111111111	0.037037037037	0.037037037037	0.037037037037	0.0740740740741	0.037037037037
uc007ana.1	AK050085	40.7696597881	1793	0.0859375	0.05078125	0.06640625	0.0792410714286	0.0770089285714	0.0530133928571	0.00669642857143	0.0837053571429	0.0524553571429	0.0373883928571	0.0463169642857	0.05078125	0.06640625	0.0792410714286	0.0680803571429	0.0965401785714
uc007anc.1	AK087209	46.3121783877	1166	0.0729613733906	0.0497854077253	0.0695278969957	0.0489270386266	0.0652360515021	0.0429184549356	0.0103004291845	0.0909871244635	0.056652360515	0.0618025751073	0.0618025751073	0.0738197424893	0.0454935622318	0.0549356223176	0.112446351931	0.0824034334764
uc007and.1	AK188812	58.0808080808	198	0.0152284263959	0.0710659898477	0.0659898477157	0.0456852791878	0.0710659898477	0.121827411168	0.0304568527919	0.0964467005076	0.0761421319797	0.0812182741117	0.0609137055838	0.0406091370558	0.0355329949239	0.0456852791878	0.10152284264	0.0406091370558
uc007ans.1	DQ714940	33.3333333333	30	0.206896551724	0.0344827586207	0.0344827586207	0.137931034483	0	0	0	0.0689655172414	0.103448275862	0.0344827586207	0.0689655172414	0.0344827586207	0.103448275862	0	0.172413793103	0
uc007aou.1	AK016244	48.3286908078	718	0.0836820083682	0.0725244072524	0.0627615062762	0.0557880055788	0.100418410042	0.094839609484	0.0195258019526	0.0781032078103	0.0571827057183	0.0432357043236	0.044630404463	0.0460251046025	0.0334728033473	0.0808926080893	0.0641562064156	0.0627615062762
uc007aoz.1	DQ558230	43.5897435897	39	0.0789473684211	0.0263157894737	0.105263157895	0.0526315789474	0.105263157895	0.0526315789474	0	0.105263157895	0.0526315789474	0.0789473684211	0	0.0263157894737	0.0263157894737	0.105263157895	0.0526315789474	0.131578947368
uc007apa.1	DQ551615	50.0	28	0.148148148148	0	0.111111111111	0.0740740740741	0	0.037037037037	0	0.037037037037	0.148148148148	0.037037037037	0.185185185185	0.037037037037	0.037037037037	0	0.148148148148	0
uc007apb.1	DQ713197	50.0	32	0.0322580645161	0.0322580645161	0.0645161290323	0.0645161290323	0	0.0322580645161	0	0.161290322581	0.129032258065	0.0645161290323	0.0322580645161	0.0645161290323	0.0322580645161	0.0645161290323	0.225806451613	0
uc007apc.1	DQ540165	45.7142857143	35	0	0	0.0882352941176	0.0882352941176	0.0882352941176	0.0588235294118	0	0.0588235294118	0.0588235294118	0.0294117647059	0.0882352941176	0.0588235294118	0.0294117647059	0.117647058824	0.0882352941176	0.147058823529
uc007apd.1	DQ688885	50.0	30	0.103448275862	0.103448275862	0.0344827586207	0.0344827586207	0.137931034483	0.0689655172414	0	0.103448275862	0.0344827586207	0	0.103448275862	0.0689655172414	0	0.137931034483	0.0689655172414	0
uc011wjd.1	AA619741	54.6337817638	2676	0.0598130841121	0.0542056074766	0.0777570093458	0.0403738317757	0.076261682243	0.0994392523364	0.0205607476636	0.0826168224299	0.0646728971963	0.0661682242991	0.0945794392523	0.0422429906542	0.0317757009346	0.058691588785	0.0747663551402	0.0560747663551
uc007ape.1	AK082264	55.5555555556	2673	0.060628742515	0.0565119760479	0.100673652695	0.0314371257485	0.0883233532934	0.0898203592814	0.0224550898204	0.0748502994012	0.0752245508982	0.0722305389222	0.0842065868263	0.0482784431138	0.0247005988024	0.0568862275449	0.0729790419162	0.0407934131737
uc007apm.1	AK003327	51.2367491166	566	0.0530973451327	0.058407079646	0.0955752212389	0.0548672566372	0.0973451327434	0.0725663716814	0.0106194690265	0.0778761061947	0.0849557522124	0.0725663716814	0.0566371681416	0.0389380530973	0.0247787610619	0.0566371681416	0.0902654867257	0.0548672566372
uc007aqb.1	AK132955	49.274521184	1723	0.0644599303136	0.0632984901278	0.0696864111498	0.0598141695703	0.0760743321719	0.075493612079	0.020325203252	0.0923344947735	0.0743321718931	0.0522648083624	0.0627177700348	0.0389082462253	0.0418118466899	0.0737514518002	0.075493612079	0.0592334494774
uc007aqy.1	AK016893	48.4821428571	1120	0.0929401251117	0.0500446827525	0.0804289544236	0.065236818588	0.0777479892761	0.0625558534406	0.0285969615728	0.065236818588	0.0866845397676	0.0607685433423	0.0598748882931	0.0428954423592	0.0312779267203	0.0616621983914	0.0804289544236	0.0536193029491
uc007arm.1	AK019601	47.9012345679	405	0.0742574257426	0.0891089108911	0.0965346534653	0.0445544554455	0.108910891089	0.0841584158416	0.0049504950495	0.0767326732673	0.0792079207921	0.0346534653465	0.0519801980198	0.0371287128713	0.0420792079208	0.0668316831683	0.049504950495	0.0594059405941
uc007asg.1	AK039030	46.9407575267	3089	0.0693005181347	0.0621761658031	0.0841968911917	0.059585492228	0.0761010362694	0.0579663212435	0.0145725388601	0.0770725388601	0.0767487046632	0.0537564766839	0.0621761658031	0.0508419689119	0.0527849740933	0.0521373056995	0.0825777202073	0.0680051813472
uc007asw.1	AK048050	50.9671993272	1189	0.0690235690236	0.0555555555556	0.0858585858586	0.0505050505051	0.0824915824916	0.0707070707071	0.0143097643098	0.0808080808081	0.0732323232323	0.0673400673401	0.0707070707071	0.0496632996633	0.0353535353535	0.0555555555556	0.0900673400673	0.0488215488215
uc007atq.1	AK006899	49.0494296578	263	0.0839694656489	0.0610687022901	0.0916030534351	0.0534351145038	0.087786259542	0.0496183206107	0.0343511450382	0.0610687022901	0.0916030534351	0.0534351145038	0.0610687022901	0.0496183206107	0.0229007633588	0.0725190839695	0.0687022900763	0.0572519083969
uc007att.1	AK041998	47.9809976247	842	0.0986920332937	0.0558858501784	0.10225921522	0.0416171224732	0.0808561236623	0.0606420927467	0.0142687277051	0.0713436385256	0.0808561236623	0.0570749108205	0.064209274673	0.0499405469679	0.038049940547	0.0535077288942	0.0713436385256	0.0594530321046
uc007auy.1	AK011913	45.4638124363	981	0.0795918367347	0.0612244897959	0.0755102040816	0.05	0.0744897959184	0.0581632653061	0.0102040816327	0.0918367346939	0.0642857142857	0.0510204081633	0.0673469387755	0.0377551020408	0.0479591836735	0.0642857142857	0.0673469387755	0.0989795918367
uc007avj.1	AI597479	42.5776754891	3476	0.0857553956835	0.0443165467626	0.0765467625899	0.0618705035971	0.063309352518	0.048345323741	0.0155395683453	0.0725179856115	0.0589928057554	0.0489208633094	0.0515107913669	0.0667625899281	0.0607194244604	0.0578417266187	0.0825899280576	0.104460431655
uc011wkd.1	AB345950	59.2592592593	27	0.0384615384615	0.0769230769231	0.192307692308	0.0384615384615	0.153846153846	0.0769230769231	0.0384615384615	0	0.153846153846	0.0769230769231	0.115384615385	0	0	0.0384615384615	0	0
uc011wke.1	AB336801	45.8333333333	24	0	0.0869565217391	0	0.0869565217391	0.0434782608696	0.0869565217391	0	0.130434782609	0.0434782608696	0	0.0434782608696	0.130434782609	0.0869565217391	0.0869565217391	0.173913043478	0
uc011wkf.1	AK140358	48.2649842271	2219	0.0761947700631	0.0599639314698	0.0811541929666	0.0518485121731	0.080703336339	0.0676284941389	0.0261496844004	0.0680793507665	0.0689810640216	0.0568079350766	0.0572587917042	0.0572587917042	0.0428313796213	0.0581605049594	0.0757439134355	0.0712353471596
uc011wkk.1	EG212225	45.6503014643	3483	0.0775416427341	0.0574382538771	0.0784032165422	0.0712234348076	0.090178058587	0.0591614014934	0.00890292935095	0.0717978173464	0.0723721998851	0.0482481332567	0.0565766800689	0.0491097070649	0.0445146467547	0.0654796094199	0.0821367030442	0.0669155657668
uc011wkl.1	EG212225	45.5248290217	3363	0.0788221296847	0.058001189768	0.0782272456871	0.0725758477097	0.0907198096371	0.058001189768	0.00922070196312	0.070493753718	0.0737656157049	0.0478881618084	0.0562165377751	0.0487804878049	0.0443188578227	0.0648423557406	0.0826888756692	0.0654372397383
uc011wkm.1	EG212225	46.6449207829	4292	0.0757399207644	0.0568632020508	0.0778373339548	0.068515497553	0.0899557212771	0.0624563038919	0.00885574458168	0.0750407830343	0.0701468189233	0.0512701002097	0.0596597529713	0.0489396411093	0.0431134933582	0.0659519925425	0.0834304357959	0.0622232579818
uc007axa.1	AK219219	49.1228070175	57	0.0357142857143	0.0357142857143	0.0178571428571	0.0535714285714	0.0178571428571	0.0535714285714	0.0178571428571	0.160714285714	0.0535714285714	0.0714285714286	0.0714285714286	0.0357142857143	0.0178571428571	0.0892857142857	0.142857142857	0.125
uc007axb.1	BC048766	44.2477876106	678	0.0974889217134	0.0635155096012	0.0531757754801	0.069423929099	0.0797636632201	0.0546528803545	0.0147710487445	0.0812407680945	0.0664697193501	0.0487444608567	0.0531757754801	0.0443131462334	0.03988183161	0.0620384047267	0.0915805022157	0.0797636632201
uc007axe.1	AK219219	46.5517241379	58	0.0350877192982	0.0350877192982	0.0175438596491	0.0526315789474	0.0350877192982	0.0526315789474	0	0.157894736842	0.0526315789474	0.0526315789474	0.0701754385965	0.0350877192982	0.0175438596491	0.105263157895	0.140350877193	0.140350877193
uc007axg.2	BC029710	44.5077298617	2458	0.0850630850631	0.039886039886	0.0700040700041	0.0687830687831	0.0594220594221	0.0561660561661	0.013024013024	0.0683760683761	0.0728530728531	0.043956043956	0.0618640618641	0.0695970695971	0.046805046805	0.0569800569801	0.102971102971	0.0842490842491
uc007axh.1	AK020188	32.967032967	1274	0.11861743912	0.0471327572663	0.0604870384918	0.0989787902592	0.0628436763551	0.0235663786332	0.00471327572663	0.0612725844462	0.0502749410841	0.0274941084053	0.0282796543598	0.0714846818539	0.0926944226237	0.0542026708562	0.0840534171249	0.113904163394
uc007axi.1	TMEFF2	44.0029433407	2718	0.108207581892	0.0610967979389	0.0721383879279	0.0666175929334	0.0736105999264	0.0526315789474	0.018034596982	0.0758189179242	0.0758189179242	0.0500552079499	0.046006624954	0.0478468899522	0.0500552079499	0.0563121089437	0.0839160839161	0.0618329039382
uc007axl.1	AK006937	43.4065934066	546	0.0807339449541	0.056880733945	0.0623853211009	0.0770642201835	0.0678899082569	0.045871559633	0.0183486238532	0.0788990825688	0.0697247706422	0.0366972477064	0.051376146789	0.0642201834862	0.0587155963303	0.0715596330275	0.0899082568807	0.0697247706422
uc007axq.1	AK043869	42.22165081	3889	0.0869341563786	0.051183127572	0.0715020576132	0.0625	0.0743312757202	0.0480967078189	0.0131172839506	0.0835905349794	0.0606995884774	0.0462962962963	0.0434670781893	0.0524691358025	0.0498971193416	0.073816872428	0.0748456790123	0.10725308642
uc007ayw.1	AK052226	45.0094161959	531	0.109433962264	0.0641509433962	0.0867924528302	0.0622641509434	0.0811320754717	0.0415094339623	0.0150943396226	0.0792452830189	0.0905660377358	0.0471698113208	0.0509433962264	0.0433962264151	0.0415094339623	0.0660377358491	0.077358490566	0.0433962264151
uc007azi.1	AK038423	47.4043715847	732	0.0998632010944	0.0560875512996	0.093023255814	0.06292749658	0.108071135431	0.0642954856361	0.0191518467852	0.0588235294118	0.0642954856361	0.0574555403557	0.0533515731874	0.0478796169631	0.0396716826265	0.0738714090287	0.0560875512996	0.0451436388509
uc007azt.1	AK015376	45.0236966825	633	0.0981012658228	0.0585443037975	0.0933544303797	0.0648734177215	0.0617088607595	0.0379746835443	0.0158227848101	0.0759493670886	0.0981012658228	0.0553797468354	0.0632911392405	0.0427215189873	0.0553797468354	0.0395569620253	0.0870253164557	0.0522151898734
uc007bai.1	AK135004	47.658260422	1943	0.0700308959835	0.0540679711637	0.0772399588054	0.0520082389289	0.0710607621009	0.0530381050463	0.0231719876416	0.0767250257467	0.0617919670443	0.0602471678682	0.06745623069	0.0628218331617	0.0504634397528	0.0566426364573	0.0844490216272	0.0787847579815
uc007bao.1	AK079812	40.7303370787	2136	0.0941451990632	0.056206088993	0.0679156908665	0.0810304449649	0.0763466042155	0.0435597189696	0.00843091334895	0.0730679156909	0.0693208430913	0.0379391100703	0.0463700234192	0.0519906323185	0.0594847775176	0.063700234192	0.0829039812646	0.0875878220141
uc007baq.1	AK005643	48.1132075472	424	0.0851063829787	0.0472813238771	0.0827423167849	0.063829787234	0.0851063829787	0.063829787234	0.0236406619385	0.0827423167849	0.0591016548463	0.0851063829787	0.0472813238771	0.0330969267139	0.0472813238771	0.0591016548463	0.0732860520095	0.0614657210402
uc007bav.1	BC055402	46.8948803393	3301	0.0821212121212	0.0457575757576	0.0818181818182	0.0630303030303	0.0748484848485	0.0560606060606	0.0160606060606	0.0736363636364	0.0718181818182	0.0551515151515	0.0681818181818	0.0533333333333	0.0439393939394	0.0636363636364	0.0824242424242	0.0681818181818
uc007baw.1	DQ705824	52.9411764706	34	0.0909090909091	0.0606060606061	0.121212121212	0.0606060606061	0.0909090909091	0	0.0606060606061	0.030303030303	0.151515151515	0.121212121212	0.0909090909091	0	0.030303030303	0	0.0909090909091	0
uc011wle.1	DQ693259	47.1428571429	70	0.0434782608696	0.0289855072464	0.130434782609	0.0724637681159	0.0724637681159	0.0579710144928	0.0144927536232	0.0434782608696	0.115942028986	0.0724637681159	0.0579710144928	0.0434782608696	0.0434782608696	0.0289855072464	0.0869565217391	0.0869565217391
uc007bax.1	AK016177	44.5906432749	2052	0.0872745002438	0.0487567040468	0.0799609946368	0.060458313018	0.0692345197465	0.0482691370063	0.0126767430522	0.0784982935154	0.0682593856655	0.0546075085324	0.0609458800585	0.053144807411	0.0516821062896	0.0575329107752	0.0828863968796	0.0858117991224
uc007bcf.1	AK144771	40.266539743	2101	0.0880952380952	0.0495238095238	0.0671428571429	0.0852380952381	0.0828571428571	0.0547619047619	0.00761904761905	0.0690476190476	0.0490476190476	0.0471428571429	0.0385714285714	0.0538095238095	0.07	0.0628571428571	0.0747619047619	0.0995238095238
uc007bcg.1	AK053027	43.8576349024	2613	0.0899693721286	0.0581929555896	0.0719754977029	0.0692955589587	0.0807810107198	0.0551301684533	0.0072741194487	0.0800153139357	0.0643185298622	0.0478560490046	0.0555130168453	0.0478560490046	0.0543644716692	0.06202143951	0.0803981623277	0.0750382848392
uc007bcl.1	AK079804	43.3760683761	936	0.0898395721925	0.083422459893	0.0737967914439	0.0588235294118	0.0951871657754	0.0449197860963	0.00748663101604	0.0716577540107	0.0727272727273	0.0374331550802	0.0631016042781	0.0417112299465	0.048128342246	0.0534759358289	0.0695187165775	0.0887700534759
uc007bcw.1	PAPK-A	42.1539478031	3027	0.0994712491738	0.0462656972902	0.0760079312624	0.0657633840053	0.0598149372108	0.0416391275611	0.0191672174488	0.0703899537343	0.0641110376735	0.0502313284865	0.0575016523463	0.0588235294118	0.0637805684071	0.0528750826173	0.0779907468605	0.0961665565102
uc007bcz.1	PAPK-A	48.0652680653	2145	0.0648320895522	0.0527052238806	0.0699626865672	0.0555037313433	0.0694962686567	0.066697761194	0.0284514925373	0.0839552238806	0.0625	0.058302238806	0.0592350746269	0.0522388059701	0.0461753731343	0.0708955223881	0.0746268656716	0.084421641791
uc007bda.1	PAPK-A	41.6777629827	1502	0.0586275816123	0.0479680213191	0.0739506995336	0.0686209193871	0.0686209193871	0.0512991339107	0.0119920053298	0.0752831445703	0.0546302465023	0.0419720186542	0.0419720186542	0.070619586942	0.0666222518321	0.0659560293138	0.0819453697535	0.119920053298
uc007bdw.1	AK006768	51.0775862069	464	0.0583153347732	0.0388768898488	0.110151187905	0.0388768898488	0.060475161987	0.0518358531317	0.0194384449244	0.0755939524838	0.0777537796976	0.0647948164147	0.0885529157667	0.0712742980562	0.0475161987041	0.0518358531317	0.0863930885529	0.0583153347732
uc007bet.1	AK136844	35.6992860143	2381	0.11974789916	0.0533613445378	0.0663865546218	0.0773109243697	0.0638655462185	0.0344537815126	0.00336134453782	0.0718487394958	0.0542016806723	0.031512605042	0.0415966386555	0.0558823529412	0.0789915966387	0.0546218487395	0.0714285714286	0.121428571429
uc007beu.1	AK217854	54.8387096774	155	0.0454545454545	0.0324675324675	0.0649350649351	0.0779220779221	0.0844155844156	0.0649350649351	0.025974025974	0.0584415584416	0.0519480519481	0.0909090909091	0.103896103896	0.0649350649351	0.038961038961	0.038961038961	0.123376623377	0.0324675324675
uc007bex.1	AK040166	42.3295454545	704	0.0825035561878	0.0554765291607	0.0810810810811	0.0668563300142	0.0924608819346	0.049786628734	0.00711237553343	0.0711237553343	0.0654338549075	0.0455192034139	0.0369843527738	0.0540540540541	0.0440967283073	0.0711237553343	0.076813655761	0.099573257468
uc007bey.1	AK009383	49.0861618799	383	0.0418848167539	0.0523560209424	0.0549738219895	0.0549738219895	0.0628272251309	0.0837696335079	0.0157068062827	0.0968586387435	0.0602094240838	0.044502617801	0.0680628272251	0.0575916230366	0.0366492146597	0.0785340314136	0.0942408376963	0.0968586387435
uc007bfg.1	AK015421	41.4621676892	1956	0.10179028133	0.0624040920716	0.0838874680307	0.0716112531969	0.0833759590793	0.0475703324808	0.00818414322251	0.0782608695652	0.0726342710997	0.0414322250639	0.0383631713555	0.0445012787724	0.0618925831202	0.0664961636829	0.0664961636829	0.0710997442455
uc007bfh.1	AK076674	42.8376534789	733	0.0928961748634	0.0655737704918	0.105191256831	0.0642076502732	0.0928961748634	0.042349726776	0.00956284153005	0.0655737704918	0.0874316939891	0.0464480874317	0.0409836065574	0.042349726776	0.0546448087432	0.0573770491803	0.0614754098361	0.0710382513661
uc007bft.1	AK017924	39.1497461929	1576	0.140317460317	0.0634920634921	0.0863492063492	0.0736507936508	0.0895238095238	0.0380952380952	0.00888888888889	0.0666666666667	0.0622222222222	0.0469841269841	0.0412698412698	0.0374603174603	0.071746031746	0.0552380952381	0.0507936507937	0.0673015873016
uc007bgm.1	OTTMUSG00000013918	45.8798882682	1432	0.067784765898	0.0614954577219	0.0719776380154	0.0635918937806	0.0803633822502	0.0670859538784	0.0181691125087	0.0845562543676	0.0649895178197	0.058001397624	0.0447239692523	0.0405310971349	0.0517120894479	0.0642907058001	0.0726764500349	0.0880503144654
uc007bgn.1	AK150559	43.6925340199	2719	0.0857247976453	0.0662251655629	0.0584988962472	0.0621780721118	0.0776306107432	0.0515084621045	0.0180279617366	0.0871964679912	0.0518763796909	0.051140544518	0.0529801324503	0.046357615894	0.0570272259014	0.06548933039	0.0732155997057	0.0949227373068
uc007bgw.1	AK013046	44.3037974684	711	0.104225352113	0.0422535211268	0.0760563380282	0.0591549295775	0.0704225352113	0.0591549295775	0.0197183098592	0.0802816901408	0.0619718309859	0.0591549295775	0.0408450704225	0.0507042253521	0.0450704225352	0.0676056338028	0.0774647887324	0.0859154929577
uc007bja.1	BC108272	36.4996260284	1337	0.0943113772455	0.0441616766467	0.0718562874251	0.0973053892216	0.0666167664671	0.0344311377246	0.00523952095808	0.063622754491	0.0673652694611	0.0321856287425	0.0404191616766	0.0553892215569	0.0800898203593	0.0591317365269	0.0770958083832	0.110778443114
uc011wmt.1	AK044410	47.3013947847	1649	0.0873786407767	0.0643203883495	0.0849514563107	0.057645631068	0.0958737864078	0.0455097087379	0.0194174757282	0.0667475728155	0.0606796116505	0.0655339805825	0.067354368932	0.0515776699029	0.0503640776699	0.0527912621359	0.0728155339806	0.0570388349515
uc007bky.1	AK048274	46.6425619835	1936	0.077519379845	0.050645994832	0.0852713178295	0.0552971576227	0.0852713178295	0.056330749354	0.00878552971576	0.0801033591731	0.0723514211886	0.0511627906977	0.0583979328165	0.0537467700258	0.0335917312661	0.0723514211886	0.0832041343669	0.0759689922481
uc007bla.1	BC100504	47.9166666667	384	0.0992167101828	0.0757180156658	0.0861618798956	0.0443864229765	0.0809399477807	0.0626631853786	0.023498694517	0.0600522193211	0.0992167101828	0.0365535248042	0.0704960835509	0.0469973890339	0.0287206266319	0.0522193211488	0.0704960835509	0.0626631853786
uc007bld.1	AK079660	47.4689589303	2094	0.105112279025	0.0573339703774	0.0893454371715	0.0544672718586	0.0793119923555	0.0611562350693	0.0148112756808	0.0750119445772	0.0797897754419	0.0554228380315	0.0649784997611	0.0444338270425	0.0415671285237	0.0563784042045	0.0754897276636	0.0453893932155
uc007bol.1	AK080399	44.7530864198	648	0.0911901081917	0.0540958268934	0.0757341576507	0.0664605873261	0.0587326120556	0.064914992272	0.0185471406491	0.0772797527048	0.0834621329212	0.0432766615147	0.047913446677	0.0525502318393	0.0525502318393	0.0571870170015	0.0865533230294	0.0695517774343
uc007boy.1	AK039780	52.1609538003	671	0.055223880597	0.0567164179104	0.0910447761194	0.0417910447761	0.0776119402985	0.0880597014925	0.0238805970149	0.0776119402985	0.0776119402985	0.0597014925373	0.0671641791045	0.0492537313433	0.0328358208955	0.0641791044776	0.0716417910448	0.065671641791
uc011wns.1	AK162144	38.802559415	2188	0.069044352995	0.042524005487	0.0681298582533	0.0864197530864	0.0640146319159	0.0448102423411	0.00365797896662	0.0731595793324	0.0626428898034	0.0352080475537	0.0411522633745	0.0631001371742	0.0704160951075	0.063557384545	0.0887059899406	0.123456790123
uc007bqj.2	BC035947	48.6495498499	2999	0.0840560373582	0.057371581054	0.0783855903936	0.0550366911274	0.0683789192795	0.0817211474316	0.0233488992662	0.0690460306871	0.0713809206137	0.04736490994	0.0723815877252	0.0527018012008	0.050700466978	0.0563709139426	0.0697131420947	0.0620413609073
uc011wnt.1	BC035947	49.8199672668	3055	0.0789129011133	0.0582842174198	0.0782580222659	0.0517354289456	0.0671250818599	0.0812049770792	0.0252128356254	0.0697445972495	0.0720366732155	0.0510805500982	0.0776031434185	0.0540275049116	0.0487884741323	0.0530451866405	0.073673870334	0.0592665356909
uc007brw.1	AK043693	52.3476523477	1001	0.07	0.054	0.078	0.051	0.069	0.06	0.038	0.083	0.078	0.069	0.083	0.043	0.036	0.066	0.075	0.047
uc007bss.1	AK017086	46.3892288862	1634	0.0575627679118	0.0465401102266	0.0685854255971	0.0569503980404	0.062461726883	0.056338028169	0.0153092467851	0.0887936313533	0.0618493570116	0.0434782608696	0.0600122473974	0.0759338640539	0.047152480098	0.0765462339253	0.097366809553	0.0851194121249
uc007bte.1	BC038927	41.9724770642	872	0.0918484500574	0.0619977037887	0.0780711825488	0.0688863375431	0.0929965556831	0.0505166475316	0.0126291618829	0.0654420206659	0.0631458094145	0.0436280137773	0.044776119403	0.0470723306544	0.052812858783	0.0654420206659	0.0631458094145	0.097588978186
uc007btm.1	AK142678	46.8811881188	2020	0.0589400693413	0.0539871223378	0.0762753838534	0.0609212481426	0.0668647845468	0.0505200594354	0.0133729569094	0.0931154036652	0.0762753838534	0.0480435859336	0.0673600792472	0.0529965329371	0.0480435859336	0.0713224368499	0.0876671619614	0.074294205052
uc007bto.1	AK163333	50.2032520325	984	0.059003051882	0.0691759918616	0.0691759918616	0.0417090539166	0.0834181078332	0.0762970498474	0.0132248219736	0.118006103764	0.0691759918616	0.0630722278739	0.0478128179044	0.030518819939	0.0264496439471	0.0834181078332	0.0803662258393	0.0691759918616
uc007btp.1	AK157632	46.8332364904	1721	0.0924418604651	0.0598837209302	0.0813953488372	0.0511627906977	0.078488372093	0.0552325581395	0.0110465116279	0.0866279069767	0.081976744186	0.0505813953488	0.0587209302326	0.0453488372093	0.031976744186	0.0656976744186	0.0854651162791	0.0639534883721
uc007bts.1	BC038927	42.2667501565	1597	0.0883458646617	0.0645363408521	0.0739348370927	0.0720551378446	0.0889724310777	0.0444862155388	0.0100250626566	0.0708020050125	0.0614035087719	0.0482456140351	0.0513784461153	0.047619047619	0.0607769423559	0.0570175438596	0.0726817042607	0.0877192982456
uc007btv.1	BC108341	46.8120805369	2384	0.0822492656316	0.0553923625682	0.088543852287	0.0583298363407	0.0864456567352	0.0591691145615	0.00671422576584	0.0776332354175	0.074695761645	0.0474192194713	0.0642047838859	0.0520352496853	0.0411246328158	0.0679815358791	0.0788921527486	0.0591691145615
uc007bvx.1	AK077157	52.3163841808	885	0.064479638009	0.0633484162896	0.0848416289593	0.0441176470588	0.0780542986425	0.0780542986425	0.0226244343891	0.0769230769231	0.0746606334842	0.0599547511312	0.0757918552036	0.0565610859729	0.039592760181	0.0554298642534	0.0825791855204	0.0429864253394
uc007bwe.1	AK006434	59.7285067873	884	0.0385050962627	0.0453001132503	0.0758776896942	0.035107587769	0.0690826727067	0.0849377123443	0.0520951302378	0.0894677236693	0.0611551528879	0.100792751982	0.0928652321631	0.0464326160815	0.0260475651189	0.0656851642129	0.079275198188	0.0373725934315
uc007bxj.1	APG16L	45.2087794433	3736	0.0904953145917	0.0527443105756	0.0840696117805	0.0605087014726	0.0741633199465	0.0511378848728	0.0163319946452	0.0677376171352	0.0696117804552	0.055421686747	0.059437751004	0.0580990629183	0.053547523427	0.0503346720214	0.0824631860776	0.0738955823293
uc007bxo.1	APG16L	45.5056179775	3382	0.086660751257	0.047619047619	0.0925761608991	0.0579710144928	0.072759538598	0.0425909494232	0.0124223602484	0.0683229813665	0.0724637681159	0.0564921620822	0.0680272108844	0.0621118012422	0.052942916297	0.0493936705117	0.0860692102928	0.0715764566696
uc007bys.1	AK030268	47.4647350362	2623	0.0812356979405	0.0564454614798	0.080472921434	0.058352402746	0.0842868039664	0.0614035087719	0.0141113653699	0.0793287566743	0.0667429443173	0.0606407322654	0.059877955759	0.0484363081617	0.044241037376	0.0606407322654	0.0808543096873	0.0629290617849
uc007byu.1	AK019125	51.6806722689	476	0.0757894736842	0.0421052631579	0.0821052631579	0.0463157894737	0.0652631578947	0.0863157894737	0.0105263157895	0.0884210526316	0.0863157894737	0.0631578947368	0.0694736842105	0.0463157894737	0.0189473684211	0.0610526315789	0.101052631579	0.0568421052632
uc007bzc.1	AK036422	65.5976676385	1372	0.0306345733042	0.0430342815463	0.0656455142232	0.0247994164843	0.0590809628009	0.104303428155	0.0970094821298	0.0700218818381	0.0554339897885	0.127644055434	0.0991976659373	0.0430342815463	0.0189642596645	0.0554339897885	0.0634573304158	0.0423048869438
uc007can.1	DQ692822	55.5555555556	45	0	0.0681818181818	0.0227272727273	0.0227272727273	0.0454545454545	0.113636363636	0	0.136363636364	0.0454545454545	0.0454545454545	0.0681818181818	0.0909090909091	0.0227272727273	0.0681818181818	0.181818181818	0.0681818181818
uc007cao.1	DQ724109	52.380952381	42	0.0731707317073	0	0.146341463415	0.0487804878049	0.0243902439024	0.0731707317073	0.0243902439024	0.0487804878049	0.19512195122	0.0731707317073	0.0487804878049	0.0487804878049	0	0.0243902439024	0.146341463415	0.0243902439024
uc007cap.1	DQ712111	48.6486486486	37	0.0277777777778	0.0833333333333	0.111111111111	0.0555555555556	0.138888888889	0.0277777777778	0.0277777777778	0.0277777777778	0.0833333333333	0.0555555555556	0.0277777777778	0.0833333333333	0.0277777777778	0.0833333333333	0.0833333333333	0.0555555555556
uc007caq.1	DQ713469	50.8474576271	59	0.0344827586207	0.0172413793103	0.120689655172	0.0172413793103	0.0689655172414	0.0689655172414	0	0.0862068965517	0.0689655172414	0.051724137931	0.0862068965517	0.0689655172414	0.0172413793103	0.0862068965517	0.0689655172414	0.137931034483
uc011wpi.1	AK028549	55.89569161	4410	0.0530732592425	0.048763892039	0.0675890224541	0.0419596280336	0.0684962576548	0.0932184168746	0.043774098435	0.0814243592651	0.0567022000454	0.0839192560671	0.0870945792697	0.0444545248356	0.0331140848265	0.0610115672488	0.073712860059	0.0616919936494
uc007cbv.1	AK017177	50.2945902517	1867	0.0653804930332	0.0584137191854	0.0841371918542	0.0460878885316	0.0793140407288	0.072347266881	0.0182207931404	0.0744908896034	0.0632368703108	0.0519828510182	0.0846730975348	0.058949624866	0.045551982851	0.061629153269	0.0718113612004	0.0637727759914
uc007ccc.1	DQ704807	48.3870967742	31	0.0333333333333	0.0666666666667	0.1	0.1	0.166666666667	0	0	0.0666666666667	0.133333333333	0.0666666666667	0.0333333333333	0.0333333333333	0	0.1	0.1	0
uc007ccd.1	DQ718635	53.3333333333	30	0.0344827586207	0.0689655172414	0.0344827586207	0.0344827586207	0.0689655172414	0.103448275862	0	0.137931034483	0	0.0689655172414	0.103448275862	0.0344827586207	0.0689655172414	0.0689655172414	0.0689655172414	0.103448275862
uc007cce.1	DQ688826	30.303030303	33	0.03125	0.0625	0.0625	0.1875	0.125	0	0	0.03125	0.03125	0.03125	0.0625	0.03125	0.15625	0.0625	0.03125	0.09375
uc007ccf.1	DQ725291	50.0	30	0.0344827586207	0.0689655172414	0.137931034483	0.0344827586207	0.103448275862	0.0344827586207	0	0.0689655172414	0.0689655172414	0.0689655172414	0.103448275862	0.0689655172414	0.0689655172414	0.0344827586207	0.0689655172414	0.0344827586207
uc007ccg.1	DQ701542	42.8571428571	35	0.0882352941176	0.147058823529	0.0882352941176	0.0588235294118	0.117647058824	0	0	0.0294117647059	0.147058823529	0	0.0882352941176	0.0294117647059	0.0294117647059	0.0294117647059	0.0882352941176	0.0588235294118
uc007cch.1	DQ563910	38.4615384615	39	0.0263157894737	0.0263157894737	0.0526315789474	0.105263157895	0.0526315789474	0.0526315789474	0	0	0.105263157895	0	0.0526315789474	0.105263157895	0.0263157894737	0.0526315789474	0.157894736842	0.184210526316
uc007cci.1	DQ706488	51.8987341772	79	0.025641025641	0.0641025641026	0.0641025641026	0.0512820512821	0.141025641026	0.0641025641026	0	0.0641025641026	0.025641025641	0.0641025641026	0.0897435897436	0.0769230769231	0.0128205128205	0.0769230769231	0.102564102564	0.0769230769231
uc007ccj.1	DQ562178	43.8596491228	57	0.0357142857143	0.0535714285714	0.0714285714286	0.0535714285714	0.0714285714286	0.0357142857143	0	0.107142857143	0.0714285714286	0.0535714285714	0.0714285714286	0.0357142857143	0.0357142857143	0.0714285714286	0.0892857142857	0.142857142857
uc007cck.1	DQ726565	46.6666666667	30	0.172413793103	0	0.137931034483	0.0344827586207	0.0689655172414	0.0344827586207	0	0.0689655172414	0.103448275862	0.0689655172414	0.0689655172414	0.0344827586207	0	0.103448275862	0.0689655172414	0.0344827586207
uc007ccl.1	DQ708492	55.1724137931	29	0.0714285714286	0.0357142857143	0.0714285714286	0	0.0714285714286	0.0714285714286	0.0357142857143	0.0714285714286	0	0.0714285714286	0.107142857143	0.107142857143	0.0357142857143	0.0714285714286	0.107142857143	0.0714285714286
uc007ccm.1	DQ705017	46.0	50	0.0816326530612	0.0816326530612	0.0408163265306	0.0408163265306	0.0816326530612	0.0612244897959	0.0408163265306	0.0612244897959	0.0612244897959	0.0408163265306	0.0204081632653	0.0816326530612	0.0204081632653	0.0816326530612	0.102040816327	0.102040816327
uc007ccn.1	DQ544949	61.3636363636	44	0.116279069767	0.162790697674	0.046511627907	0	0.139534883721	0.139534883721	0.093023255814	0.046511627907	0.046511627907	0.093023255814	0.046511627907	0	0.0232558139535	0.0232558139535	0.0232558139535	0
uc007cco.1	DQ690520	52.7777777778	36	0.0857142857143	0.0285714285714	0.114285714286	0.0857142857143	0.0285714285714	0.0857142857143	0.0285714285714	0.0571428571429	0.142857142857	0.0571428571429	0.114285714286	0	0.0571428571429	0.0285714285714	0.0857142857143	0
uc007ccp.1	DQ706333	58.064516129	31	0.133333333333	0.133333333333	0.0666666666667	0	0.133333333333	0.166666666667	0.0333333333333	0.0666666666667	0.0333333333333	0.133333333333	0	0	0.0333333333333	0	0.0666666666667	0
uc007ccq.1	DQ713653	46.4285714286	56	0.0727272727273	0.0363636363636	0.0363636363636	0.0545454545455	0.0363636363636	0	0.0363636363636	0.109090909091	0.0727272727273	0.0727272727273	0.0727272727273	0.0727272727273	0.0181818181818	0.0727272727273	0.145454545455	0.0909090909091
uc007ccr.1	DQ705130	48.9361702128	47	0.0869565217391	0.0434782608696	0.108695652174	0.0434782608696	0.0869565217391	0.0217391304348	0.0217391304348	0.0869565217391	0.0434782608696	0.130434782609	0.0434782608696	0.0434782608696	0.0652173913043	0.0434782608696	0.0869565217391	0.0434782608696
uc007ccs.1	DQ725337	42.4242424242	33	0.0625	0.0625	0.125	0.0625	0.09375	0.0625	0	0.03125	0.0625	0	0.03125	0.125	0.09375	0.09375	0.0625	0.03125
uc007cct.1	DQ726768	61.7647058824	34	0.030303030303	0.0909090909091	0.030303030303	0	0.0606060606061	0.212121212121	0.030303030303	0.121212121212	0.030303030303	0.0606060606061	0.030303030303	0.0606060606061	0.030303030303	0.0909090909091	0.0909090909091	0.030303030303
uc007ccu.1	DQ725163	41.935483871	31	0.0666666666667	0.1	0.0666666666667	0.0666666666667	0.133333333333	0.0666666666667	0	0	0.0333333333333	0.0333333333333	0.0333333333333	0.1	0.0666666666667	0.0333333333333	0.1	0.1
uc007ccv.1	DQ548345	43.3333333333	30	0.103448275862	0	0.0689655172414	0.103448275862	0.0344827586207	0.0344827586207	0	0.0344827586207	0.0689655172414	0.0689655172414	0.103448275862	0.0689655172414	0.0689655172414	0.0344827586207	0.137931034483	0.0689655172414
uc007ccw.1	DQ561358	42.5531914894	47	0.0652173913043	0.0217391304348	0.0652173913043	0.0652173913043	0.0652173913043	0	0.0217391304348	0.0652173913043	0.0652173913043	0.0217391304348	0.0869565217391	0.108695652174	0.0217391304348	0.108695652174	0.108695652174	0.108695652174
uc007ccx.1	DQ710901	45.0	60	0.101694915254	0.101694915254	0.0508474576271	0.0508474576271	0.135593220339	0.0847457627119	0	0.0677966101695	0.0508474576271	0.0508474576271	0.0169491525424	0.0338983050847	0.0169491525424	0.0677966101695	0.0847457627119	0.0847457627119
uc007ccy.1	DQ685101	38.3333333333	60	0.101694915254	0.101694915254	0.0677966101695	0.0847457627119	0.0847457627119	0.0508474576271	0.0169491525424	0.0338983050847	0.0847457627119	0.0169491525424	0.0677966101695	0.0338983050847	0.101694915254	0.0169491525424	0.0508474576271	0.0847457627119
uc007ccz.1	DQ688408	39.2857142857	56	0.0727272727273	0.0727272727273	0.0363636363636	0.109090909091	0.0545454545455	0.0181818181818	0	0.0909090909091	0.0909090909091	0.0363636363636	0.0545454545455	0.0363636363636	0.0727272727273	0.0545454545455	0.127272727273	0.0727272727273
uc007cda.1	DQ692629	33.3333333333	30	0.0344827586207	0.0344827586207	0.0344827586207	0.172413793103	0.0344827586207	0	0	0.0689655172414	0.103448275862	0	0.103448275862	0	0.103448275862	0.103448275862	0.0689655172414	0.137931034483
uc007cdb.1	DQ547453	48.275862069	29	0.107142857143	0.0714285714286	0.107142857143	0.0714285714286	0.107142857143	0.0357142857143	0.0357142857143	0.0357142857143	0.107142857143	0.0357142857143	0.0714285714286	0.0357142857143	0.0357142857143	0.107142857143	0.0357142857143	0
uc007cdl.1	AK086911	55.0414805361	3134	0.0574529205235	0.059687200766	0.0874561123524	0.0405362272582	0.089690392595	0.0912863070539	0.0194701563996	0.0829875518672	0.0683051388446	0.0740504308969	0.0813916374082	0.0434088732844	0.0293648260453	0.0584104691989	0.0788381742739	0.037663581232
uc007cei.1	AK143968	51.6293279022	982	0.0652395514781	0.0499490316004	0.0764525993884	0.0448521916412	0.0703363914373	0.0693170234455	0.0214067278287	0.0978593272171	0.0744138634047	0.0621814475025	0.0713557594292	0.0489296636086	0.026503567788	0.0784913353721	0.0866462793068	0.0560652395515
uc007cew.1	AK015347	32.9073482428	1565	0.131074168798	0.0556265984655	0.0748081841432	0.101662404092	0.0728900255754	0.0210997442455	0.00191815856777	0.0537084398977	0.0696930946292	0.0268542199488	0.0319693094629	0.0505115089514	0.0895140664962	0.0466751918159	0.0703324808184	0.101662404092
uc007cfd.1	AK035520	42.7048114434	3845	0.0816857440166	0.0543704474506	0.0772632674298	0.0686784599376	0.0777835587929	0.0476066597294	0.0098855359001	0.0744016649324	0.0619146722164	0.0455254942768	0.0535900104058	0.0561914672216	0.0606139438085	0.0624349635796	0.0762226847034	0.0918314255983
uc007cfs.1	AK021003	40.9649122807	1140	0.0983318700615	0.0421422300263	0.0693590869183	0.0763827919227	0.0588235294118	0.0430201931519	0.0131694468832	0.0746268656716	0.0667251975417	0.0474100087796	0.0491659350307	0.0561896400351	0.0614574187884	0.0579455662862	0.0877963125549	0.0974539069359
uc007cft.1	AK007349	36.3959691761	1687	0.0984578884935	0.0516014234875	0.0693950177936	0.0937129300119	0.073546856465	0.0272835112693	0.00830367734282	0.0664294187426	0.0628706998814	0.0296559905101	0.0427046263345	0.0527876631079	0.0776986951364	0.0670225385528	0.0682087781732	0.110320284698
uc007cfx.1	AK144617	44.5021645022	1155	0.105719237435	0.0623916811092	0.0849220103986	0.0606585788562	0.0866551126516	0.0632582322357	0.00606585788562	0.0745233968804	0.0719237435009	0.0476603119584	0.050259965338	0.0441941074523	0.0493934142114	0.0580589254766	0.0719237435009	0.0623916811092
uc007cgb.1	AK076805	36.5019011407	789	0.0913705583756	0.0431472081218	0.0621827411168	0.0989847715736	0.0710659898477	0.0456852791878	0.00761421319797	0.0723350253807	0.0558375634518	0.0279187817259	0.0355329949239	0.0482233502538	0.0774111675127	0.0812182741117	0.0621827411168	0.119289340102
